620010007000048152                              7355154200001170502016030400026000
620010007000048152                              7369155600010120472016030400023700
620010007000048152                              7369155600010121172016030400075200
620010007000048152                              7505164000001169182016030500038100
620010007000048152                              7569135300002538822016030400042000
620010007000048152                              7569135300002540172016030400043619
620010007000048152                              7569135300002544742016030500041900
620010007000048152                              7570020300000789762016030400026600
620010007000048152                              7570020300000790062016030400042000
620010007000048152                              7570020300000791012016030400050000
620010007000048152                              7842018600004579732016030400025000
620010007000048152                              7842018700004824192016030400028000
620010007000048152                              8037099300002323662016030400030000
620010007000048152                              8047308000000291922016030400030000
620010007000048152                              8062098900000729732016030500060000
620010007000048152                              8259014700004166262016030400052500
620010007000048152                              8297122700002068842016030400064500
620010007000048152                              8297122700002069642016030400026520
620010007000048152                              8297122700002073182016030500027000
620010007000048152                              8297122700002073512016030500048000
620010007000048152                              8297337100001567312016030400035000
620010007000048152                              8297337100001569392016030400026600
620010007000048152                              8297337100001570482016030500026500
620010007000048152                              8343178300000375042016030400026600
620010007000048152                              8343178300000375862016030400026600
620010007000048152                              8345178600010164482016030400026600
620010007000048152                              8345178600010164982016030400005000
620010007000048152                              8346178700001225182016030400009000
620010007000048152                              8346178700001225212016030400005500
620010007000048152                              8346453700010174132016030400025000
620010007000048152                              8347205500000398972016030400042000
620010007000048152                              8461243600001703982016030400027720
620010007000048152                              8461243600001703992016030400033020
620010007000048152                              8461243600001706632016030400067000
620010007000048152                              8461243600001708022016030400030000
620010007000048152                              8461243600001708362016030400080800
620010007000048152                              8573240000002819492016030400027000
620010007000048152                              8625244500001754572016030500030000
620010007000048152                              8640310000001045392016030500034000
620010007000048152                              8652246700000997132016030400025000
620010007000048152                              8661247300002152052016030400030000
620010007000048152                              8661260500001351402016030400026500
620010007000048152                              8667121800000126802016030400025000
620010007000048152                              8667323000000101162016030400026500
620010007000048152                              8667323000000102642016030400028000
620010007000048152                              8667323000000102732016030400026520
620010007000048152                              8667349300000105262016030400026523
620010007000048152                              8693038600001301102016030400052360
620010007000048152                              8693038600001302562016030400027000
620010007000048152                              8695339600000364452016030400026500
620010007000048152                              8900038200001445212016030500026500
620010007000048152                              8924259300000957342016030400033000
620010007000048152                              8952261000002018662016030500048000
620010007000048152                              8996040000000391472016030400026500
620010007000048152                              9033051800000169882016030400035000
620010007000048152                              9064057100000052662016030400038000
620010007000048152                              9080309700001722332016030400053000
620010007000048152                              9222062300001125132016030400027000
620010007000048152                              9222062300001127602016030400041800
620010007000048152                              9222062300001130672016030500026600
620010007000048152                              9222062300001131812016030600026600
620010007000048152                              9270097300000298482016030500040300
620010007000048152                              9348110700001606812016030400028000
620010007000048152                              9521436500000886642016030400067000
620010007000048152                              9521436500000886752016030400029500
620010007000048152                              9521436500000887562016030500050000
620010007000048152                              9619325100000691112016030400041900
620010007000048152                              9621325400000257562016030400035000
620010007000048152                              9621325400000258122016030400033500
620010007000048152                              9621325400000258642016030400066700
620010007000048152                              9622325500001349262016030400026500
620010007000048152                              9622325500001350562016030400025700
620010007000048152                              9622325500001353832016030500035000
620010007000048152                              9631325700000036822016030400033400
620010007000048152                              9709331900000436812016030400040000
620010007000048152                              9719337300000274282016030400042000
620010007000048152                              9722026000009756122016030400100000
620010007000048152                              9722234400000546032016030400050000
620010007000048152                              9722234400000546432016030400050000
620010007000048152                              9722234400000546472016030400030000
620010007000048152                              9852034700000706192016030400026600
620010007000048152                              9887331800000460842016030400040000
620010007000048152                              9988340000000426182016030400033500
620010007000048152                              9988340000000426682016030400050000
620010007000048152                              9988340000000427702016030500033320
620010007000048152                              9988340000000428152016030500033300
620010007000048152                              9988340000000429182016030500035000
620010007000048152                              9988340100010035562016030400033400
620010007000048152                              9988340100010035722016030400045000
620010007000048152                              9988340100010035952016030400035000
620010007000048152                              7355154200001170502016030400026000
620010007000048152                              7369155600010120472016030400023700
620010007000048152                              7369155600010121172016030400075200
620010007000048152                              7505164000001169182016030500038100
620010007000048152                              7569135300002538822016030400042000
620010007000048152                              7569135300002540172016030400043619
620010007000048152                              7569135300002544742016030500041900
620010007000048152                              7570020300000789762016030400026600
620010007000048152                              7570020300000790062016030400042000
620010007000048152                              7570020300000791012016030400050000
620010007000048152                              7842018600004579732016030400025000
620010007000048152                              7842018700004824192016030400028000
620010007000048152                              8037099300002323662016030400030000
620010007000048152                              8047308000000291922016030400030000
620010007000048152                              8062098900000729732016030500060000
620010007000048152                              8259014700004166262016030400052500
620010007000048152                              8297122700002068842016030400064500
620010007000048152                              8297122700002069642016030400026520
620010007000048152                              8297122700002073182016030500027000
620010007000048152                              8297122700002073512016030500048000
620010007000048152                              8297337100001567312016030400035000
620010007000048152                              8297337100001569392016030400026600
620010007000048152                              8297337100001570482016030500026500
620010007000048152                              8343178300000375042016030400026600
620010007000048152                              8343178300000375862016030400026600
620010007000048152                              8345178600010164482016030400026600
620010007000048152                              8345178600010164982016030400005000
620010007000048152                              8346178700001225182016030400009000
620010007000048152                              8346178700001225212016030400005500
620010007000048152                              8346453700010174132016030400025000
620010007000048152                              8347205500000398972016030400042000
620010007000048152                              8461243600001703982016030400027720
620010007000048152                              8461243600001703992016030400033020
620010007000048152                              8461243600001706632016030400067000
620010007000048152                              8461243600001708022016030400030000
620010007000048152                              8461243600001708362016030400080800
620010007000048152                              8573240000002819492016030400027000
620010007000048152                              8625244500001754572016030500030000
620010007000048152                              8640310000001045392016030500034000
620010007000048152                              8652246700000997132016030400025000
620010007000048152                              8661247300002152052016030400030000
620010007000048152                              8661260500001351402016030400026500
620010007000048152                              8667121800000126802016030400025000
620010007000048152                              8667323000000101162016030400026500
620010007000048152                              8667323000000102642016030400028000
620010007000048152                              8667323000000102732016030400026520
620010007000048152                              8667349300000105262016030400026523
620010007000048152                              8693038600001301102016030400052360
620010007000048152                              8693038600001302562016030400027000
620010007000048152                              8695339600000364452016030400026500
620010007000048152                              8900038200001445212016030500026500
620010007000048152                              8924259300000957342016030400033000
620010007000048152                              8952261000002018662016030500048000
620010007000048152                              8996040000000391472016030400026500
620010007000048152                              9033051800000169882016030400035000
620010007000048152                              9064057100000052662016030400038000
620010007000048152                              9080309700001722332016030400053000
620010007000048152                              9222062300001125132016030400027000
620010007000048152                              9222062300001127602016030400041800
620010007000048152                              9222062300001130672016030500026600
620010007000048152                              9222062300001131812016030600026600
620010007000048152                              9270097300000298482016030500040300
620010007000048152                              9348110700001606812016030400028000
620010007000048152                              9521436500000886642016030400067000
620010007000048152                              9521436500000886752016030400029500
620010007000048152                              9521436500000887562016030500050000
620010007000048152                              9619325100000691112016030400041900
620010007000048152                              9621325400000257562016030400035000
620010007000048152                              9621325400000258122016030400033500
620010007000048152                              9621325400000258642016030400066700
620010007000048152                              9622325500001349262016030400026500
620010007000048152                              9622325500001350562016030400025700
620010007000048152                              9622325500001353832016030500035000
620010007000048152                              9631325700000036822016030400033400
620010007000048152                              9709331900000436812016030400040000
620010007000048152                              9719337300000274282016030400042000
620010007000048152                              9722026000009756122016030400100000
620010007000048152                              9722234400000546032016030400050000
620010007000048152                              9722234400000546432016030400050000
620010007000048152                              9722234400000546472016030400030000
620010007000048152                              9852034700000706192016030400026600
620010007000048152                              9887331800000460842016030400040000
620010007000048152                              9988340000000426182016030400033500
620010007000048152                              9988340000000426682016030400050000
620010007000048152                              9988340000000427702016030500033320
620010007000048152                              9988340000000428152016030500033300
620010007000048152                              9988340000000429182016030500035000
620010007000048152                              9988340100010035562016030400033400
620010007000048152                              9988340100010035722016030400045000
620010007000048152                              9988340100010035952016030400035000
620010007000048152                              7355154200001170502016030400026000
620010007000048152                              7369155600010120472016030400023700
620010007000048152                              7369155600010121172016030400075200
620010007000048152                              7505164000001169182016030500038100
620010007000048152                              7569135300002538822016030400042000
620010007000048152                              7569135300002540172016030400043619
620010007000048152                              7569135300002544742016030500041900
620010007000048152                              7570020300000789762016030400026600
620010007000048152                              7570020300000790062016030400042000
620010007000048152                              7570020300000791012016030400050000
620010007000048152                              7842018600004579732016030400025000
620010007000048152                              7842018700004824192016030400028000
620010007000048152                              8037099300002323662016030400030000
620010007000048152                              8047308000000291922016030400030000
620010007000048152                              8062098900000729732016030500060000
620010007000048152                              8259014700004166262016030400052500
620010007000048152                              8297122700002068842016030400064500
620010007000048152                              8297122700002069642016030400026520
620010007000048152                              8297122700002073182016030500027000
620010007000048152                              8297122700002073512016030500048000
620010007000048152                              8297337100001567312016030400035000
620010007000048152                              8297337100001569392016030400026600
620010007000048152                              8297337100001570482016030500026500
620010007000048152                              8343178300000375042016030400026600
620010007000048152                              8343178300000375862016030400026600
620010007000048152                              8345178600010164482016030400026600
620010007000048152                              8345178600010164982016030400005000
620010007000048152                              8346178700001225182016030400009000
620010007000048152                              8346178700001225212016030400005500
620010007000048152                              8346453700010174132016030400025000
620010007000048152                              8347205500000398972016030400042000
620010007000048152                              8461243600001703982016030400027720
620010007000048152                              8461243600001703992016030400033020
620010007000048152                              8461243600001706632016030400067000
620010007000048152                              8461243600001708022016030400030000
620010007000048152                              8461243600001708362016030400080800
620010007000048152                              8573240000002819492016030400027000
620010007000048152                              8625244500001754572016030500030000
620010007000048152                              8640310000001045392016030500034000
620010007000048152                              8652246700000997132016030400025000
620010007000048152                              8661247300002152052016030400030000
620010007000048152                              8661260500001351402016030400026500
620010007000048152                              8667121800000126802016030400025000
620010007000048152                              8667323000000101162016030400026500
620010007000048152                              8667323000000102642016030400028000
620010007000048152                              8667323000000102732016030400026520
620010007000048152                              8667349300000105262016030400026523
620010007000048152                              8693038600001301102016030400052360
620010007000048152                              8693038600001302562016030400027000
620010007000048152                              8695339600000364452016030400026500
620010007000048152                              8900038200001445212016030500026500
620010007000048152                              8924259300000957342016030400033000
620010007000048152                              8952261000002018662016030500048000
620010007000048152                              8996040000000391472016030400026500
620010007000048152                              9033051800000169882016030400035000
620010007000048152                              9064057100000052662016030400038000
620010007000048152                              9080309700001722332016030400053000
620010007000048152                              9222062300001125132016030400027000
620010007000048152                              9222062300001127602016030400041800
620010007000048152                              9222062300001130672016030500026600
620010007000048152                              9222062300001131812016030600026600
620010007000048152                              9270097300000298482016030500040300
620010007000048152                              9348110700001606812016030400028000
620010007000048152                              9521436500000886642016030400067000
620010007000048152                              9521436500000886752016030400029500
620010007000048152                              9521436500000887562016030500050000
620010007000048152                              9619325100000691112016030400041900
620010007000048152                              9621325400000257562016030400035000
620010007000048152                              9621325400000258122016030400033500
620010007000048152                              9621325400000258642016030400066700
620010007000048152                              9622325500001349262016030400026500
620010007000048152                              9622325500001350562016030400025700
620010007000048152                              9622325500001353832016030500035000
620010007000048152                              9631325700000036822016030400033400
620010007000048152                              9709331900000436812016030400040000
620010007000048152                              9719337300000274282016030400042000
620010007000048152                              9722026000009756122016030400100000
620010007000048152                              9722234400000546032016030400050000
620010007000048152                              9722234400000546432016030400050000
620010007000048152                              9722234400000546472016030400030000
620010007000048152                              9852034700000706192016030400026600
620010007000048152                              9887331800000460842016030400040000
620010007000048152                              9988340000000426182016030400033500
620010007000048152                              9988340000000426682016030400050000
620010007000048152                              9988340000000427702016030500033320
620010007000048152                              9988340000000428152016030500033300
620010007000048152                              9988340000000429182016030500035000
620010007000048152                              9988340100010035562016030400033400
620010007000048152                              9988340100010035722016030400045000
620010007000048152                              9988340100010035952016030400035000
620010007000048152                              7355154200001170502016030400026000
620010007000048152                              7369155600010120472016030400023700
620010007000048152                              7369155600010121172016030400075200
620010007000048152                              7505164000001169182016030500038100
620010007000048152                              7569135300002538822016030400042000
620010007000048152                              7569135300002540172016030400043619
620010007000048152                              7569135300002544742016030500041900
620010007000048152                              7570020300000789762016030400026600
620010007000048152                              7570020300000790062016030400042000
620010007000048152                              7570020300000791012016030400050000
620010007000048152                              7842018600004579732016030400025000
620010007000048152                              7842018700004824192016030400028000
620010007000048152                              8037099300002323662016030400030000
620010007000048152                              8047308000000291922016030400030000
620010007000048152                              8062098900000729732016030500060000
620010007000048152                              8259014700004166262016030400052500
620010007000048152                              8297122700002068842016030400064500
620010007000048152                              8297122700002069642016030400026520
620010007000048152                              8297122700002073182016030500027000
620010007000048152                              8297122700002073512016030500048000
620010007000048152                              8297337100001567312016030400035000
620010007000048152                              8297337100001569392016030400026600
620010007000048152                              8297337100001570482016030500026500
620010007000048152                              8343178300000375042016030400026600
620010007000048152                              8343178300000375862016030400026600
620010007000048152                              8345178600010164482016030400026600
620010007000048152                              8345178600010164982016030400005000
620010007000048152                              8346178700001225182016030400009000
620010007000048152                              8346178700001225212016030400005500
620010007000048152                              8346453700010174132016030400025000
620010007000048152                              8347205500000398972016030400042000
620010007000048152                              8461243600001703982016030400027720
620010007000048152                              8461243600001703992016030400033020
620010007000048152                              8461243600001706632016030400067000
620010007000048152                              8461243600001708022016030400030000
620010007000048152                              8461243600001708362016030400080800
620010007000048152                              8573240000002819492016030400027000
620010007000048152                              8625244500001754572016030500030000
620010007000048152                              8640310000001045392016030500034000
620010007000048152                              8652246700000997132016030400025000
620010007000048152                              8661247300002152052016030400030000
620010007000048152                              8661260500001351402016030400026500
620010007000048152                              8667121800000126802016030400025000
620010007000048152                              8667323000000101162016030400026500
620010007000048152                              8667323000000102642016030400028000
620010007000048152                              8667323000000102732016030400026520
620010007000048152                              8667349300000105262016030400026523
620010007000048152                              8693038600001301102016030400052360
620010007000048152                              8693038600001302562016030400027000
620010007000048152                              8695339600000364452016030400026500
620010007000048152                              8900038200001445212016030500026500
620010007000048152                              8924259300000957342016030400033000
620010007000048152                              8952261000002018662016030500048000
620010007000048152                              8996040000000391472016030400026500
620010007000048152                              9033051800000169882016030400035000
620010007000048152                              9064057100000052662016030400038000
620010007000048152                              9080309700001722332016030400053000
620010007000048152                              9222062300001125132016030400027000
620010007000048152                              9222062300001127602016030400041800
620010007000048152                              9222062300001130672016030500026600
620010007000048152                              9222062300001131812016030600026600
620010007000048152                              9270097300000298482016030500040300
620010007000048152                              9348110700001606812016030400028000
620010007000048152                              9521436500000886642016030400067000
620010007000048152                              9521436500000886752016030400029500
620010007000048152                              9521436500000887562016030500050000
620010007000048152                              9619325100000691112016030400041900
620010007000048152                              9621325400000257562016030400035000
620010007000048152                              9621325400000258122016030400033500
620010007000048152                              9621325400000258642016030400066700
620010007000048152                              9622325500001349262016030400026500
620010007000048152                              9622325500001350562016030400025700
620010007000048152                              9622325500001353832016030500035000
620010007000048152                              9631325700000036822016030400033400
620010007000048152                              9709331900000436812016030400040000
620010007000048152                              9719337300000274282016030400042000
620010007000048152                              9722026000009756122016030400100000
620010007000048152                              9722234400000546032016030400050000
620010007000048152                              9722234400000546432016030400050000
620010007000048152                              9722234400000546472016030400030000
620010007000048152                              9852034700000706192016030400026600
620010007000048152                              9887331800000460842016030400040000
620010007000048152                              9988340000000426182016030400033500
620010007000048152                              9988340000000426682016030400050000
620010007000048152                              9988340000000427702016030500033320
620010007000048152                              9988340000000428152016030500033300
620010007000048152                              9988340000000429182016030500035000
620010007000048152                              9988340100010035562016030400033400
620010007000048152                              9988340100010035722016030400045000
620010007000048152                              9988340100010035952016030400035000
620010007000048152                              7369155600010120472016030400023700
620010007000048152                              7369155600010121172016030400075200
620010007000048152                              7505164000001169182016030500038100
620010007000048152                              7569135300002538822016030400042000
620010007000048152                              7569135300002540172016030400043619
620010007000048152                              7569135300002544742016030500041900
620010007000048152                              7570020300000789762016030400026600
620010007000048152                              7570020300000790062016030400042000
620010007000048152                              7570020300000791012016030400050000
620010007000048152                              7842018600004579732016030400025000
620010007000048152                              7842018700004824192016030400028000
620010007000048152                              8037099300002323662016030400030000
620010007000048152                              8047308000000291922016030400030000
620010007000048152                              8062098900000729732016030500060000
620010007000048152                              8259014700004166262016030400052500
620010007000048152                              8297122700002068842016030400064500
620010007000048152                              8297122700002069642016030400026520
620010007000048152                              8297122700002073182016030500027000
620010007000048152                              8297122700002073512016030500048000
620010007000048152                              8297337100001567312016030400035000
620010007000048152                              8297337100001569392016030400026600
620010007000048152                              8297337100001570482016030500026500
620010007000048152                              8343178300000375042016030400026600
620010007000048152                              8343178300000375862016030400026600
620010007000048152                              8345178600010164482016030400026600
620010007000048152                              8345178600010164982016030400005000
620010007000048152                              8346178700001225182016030400009000
620010007000048152                              8346178700001225212016030400005500
620010007000048152                              8346453700010174132016030400025000
620010007000048152                              8347205500000398972016030400042000
620010007000048152                              8461243600001703982016030400027720
620010007000048152                              8461243600001703992016030400033020
620010007000048152                              8461243600001706632016030400067000
620010007000048152                              8461243600001708022016030400030000
620010007000048152                              8461243600001708362016030400080800
620010007000048152                              8573240000002819492016030400027000
620010007000048152                              8625244500001754572016030500030000
620010007000048152                              8640310000001045392016030500034000
620010007000048152                              8652246700000997132016030400025000
620010007000048152                              8661247300002152052016030400030000
620010007000048152                              8661260500001351402016030400026500
620010007000048152                              8667121800000126802016030400025000
620010007000048152                              8667323000000101162016030400026500
620010007000048152                              8667323000000102642016030400028000
620010007000048152                              8667323000000102732016030400026520
620010007000048152                              8667349300000105262016030400026523
620010007000048152                              8693038600001301102016030400052360
620010007000048152                              8693038600001302562016030400027000
620010007000048152                              8695339600000364452016030400026500
620010007000048152                              8900038200001445212016030500026500
620010007000048152                              8924259300000957342016030400033000
620010007000048152                              8952261000002018662016030500048000
620010007000048152                              8996040000000391472016030400026500
620010007000048152                              9033051800000169882016030400035000
620010007000048152                              9064057100000052662016030400038000
620010007000048152                              9080309700001722332016030400053000
620010007000048152                              9222062300001125132016030400027000
620010007000048152                              9222062300001127602016030400041800
620010007000048152                              9222062300001130672016030500026600
620010007000048152                              9222062300001131812016030600026600
620010007000048152                              9270097300000298482016030500040300
620010007000048152                              9348110700001606812016030400028000
620010007000048152                              9521436500000886642016030400067000
620010007000048152                              9521436500000886752016030400029500
620010007000048152                              9521436500000887562016030500050000
620010007000048152                              9619325100000691112016030400041900
620010007000048152                              9621325400000257562016030400035000
620010007000048152                              9621325400000258122016030400033500
620010007000048152                              9621325400000258642016030400066700
620010007000048152                              9622325500001349262016030400026500
620010007000048152                              9622325500001350562016030400025700
620010007000048152                              9622325500001353832016030500035000
620010007000048152                              9631325700000036822016030400033400
620010007000048152                              9709331900000436812016030400040000
620010007000048152                              9719337300000274282016030400042000
620010007000048152                              9722026000009756122016030400100000
620010007000048152                              9722234400000546032016030400050000
620010007000048152                              9722234400000546432016030400050000
620010007000048152                              9722234400000546472016030400030000
620010007000048152                              9852034700000706192016030400026600
620010007000048152                              9887331800000460842016030400040000
620010007000048152                              9988340000000426182016030400033500
620010007000048152                              9988340000000426682016030400050000
620010007000048152                              9988340000000427702016030500033320
620010007000048152                              9988340000000428152016030500033300
620010007000048152                              9988340000000429182016030500035000
620010007000048152                              9988340100010035562016030400033400
620010007000048152                              9988340100010035722016030400045000
620010007000048152                              9988340100010035952016030400035000
620010007000048152                              7355154200001170502016030400026000
620010007000048152                              7369155600010120472016030400023700
620010007000048152                              7369155600010121172016030400075200
620010007000048152                              7505164000001169182016030500038100
620010007000048152                              7569135300002538822016030400042000
620010007000048152                              7569135300002540172016030400043619
620010007000048152                              7569135300002544742016030500041900
620010007000048152                              7570020300000789762016030400026600
620010007000048152                              7570020300000790062016030400042000
620010007000048152                              7570020300000791012016030400050000
620010007000048152                              7842018600004579732016030400025000
620010007000048152                              7842018700004824192016030400028000
620010007000048152                              8037099300002323662016030400030000
620010007000048152                              8047308000000291922016030400030000
620010007000048152                              8062098900000729732016030500060000
620010007000048152                              8259014700004166262016030400052500
620010007000048152                              8297122700002068842016030400064500
620010007000048152                              8297122700002069642016030400026520
620010007000048152                              8297122700002073182016030500027000
620010007000048152                              8297122700002073512016030500048000
620010007000048152                              8297337100001567312016030400035000
620010007000048152                              8297337100001569392016030400026600
620010007000048152                              8297337100001570482016030500026500
620010007000048152                              8343178300000375042016030400026600
620010007000048152                              8343178300000375862016030400026600
620010007000048152                              8345178600010164482016030400026600
620010007000048152                              8345178600010164982016030400005000
620010007000048152                              8346178700001225182016030400009000
620010007000048152                              8346178700001225212016030400005500
620010007000048152                              8346453700010174132016030400025000
620010007000048152                              8347205500000398972016030400042000
620010007000048152                              8461243600001703982016030400027720
620010007000048152                              8461243600001703992016030400033020
620010007000048152                              8461243600001706632016030400067000
620010007000048152                              8461243600001708022016030400030000
620010007000048152                              8461243600001708362016030400080800
620010007000048152                              8573240000002819492016030400027000
620010007000048152                              8625244500001754572016030500030000
620010007000048152                              8640310000001045392016030500034000
620010007000048152                              8652246700000997132016030400025000
620010007000048152                              8661247300002152052016030400030000
620010007000048152                              8661260500001351402016030400026500
620010007000048152                              8667121800000126802016030400025000
620010007000048152                              8667323000000101162016030400026500
620010007000048152                              8667323000000102642016030400028000
620010007000048152                              8667323000000102732016030400026520
620010007000048152                              8667349300000105262016030400026523
620010007000048152                              8693038600001301102016030400052360
620010007000048152                              8693038600001302562016030400027000
620010007000048152                              8695339600000364452016030400026500
620010007000048152                              8900038200001445212016030500026500
620010007000048152                              8924259300000957342016030400033000
620010007000048152                              8952261000002018662016030500048000
620010007000048152                              8996040000000391472016030400026500
620010007000048152                              9033051800000169882016030400035000
620010007000048152                              9064057100000052662016030400038000
620010007000048152                              9080309700001722332016030400053000
620010007000048152                              9222062300001125132016030400027000
620010007000048152                              9222062300001127602016030400041800
620010007000048152                              9222062300001130672016030500026600
620010007000048152                              9222062300001131812016030600026600
620010007000048152                              9270097300000298482016030500040300
620010007000048152                              9348110700001606812016030400028000
620010007000048152                              9521436500000886642016030400067000
620010007000048152                              9521436500000886752016030400029500
620010007000048152                              9521436500000887562016030500050000
620010007000048152                              9619325100000691112016030400041900
620010007000048152                              9621325400000257562016030400035000
620010007000048152                              9621325400000258122016030400033500
620010007000048152                              9621325400000258642016030400066700
620010007000048152                              9622325500001349262016030400026500
620010007000048152                              9622325500001350562016030400025700
620010007000048152                              9622325500001353832016030500035000
620010007000048152                              9631325700000036822016030400033400
620010007000048152                              9709331900000436812016030400040000
620010007000048152                              9719337300000274282016030400042000
620010007000048152                              9722026000009756122016030400100000
620010007000048152                              9722234400000546032016030400050000
620010007000048152                              9722234400000546432016030400050000
620010007000048152                              9722234400000546472016030400030000
620010007000048152                              9852034700000706192016030400026600
620010007000048152                              9887331800000460842016030400040000
620010007000048152                              9988340000000426182016030400033500
620010007000048152                              9988340000000426682016030400050000
620010007000048152                              9988340000000427702016030500033320
620010007000048152                              9988340000000428152016030500033300
620010007000048152                              9988340000000429182016030500035000
620010007000048152                              9988340100010035562016030400033400
620010007000048152                              9988340100010035722016030400045000
620010007000048152                              9988340100010035952016030400035000
620010007000048152                              7369155600010120472016030400023700
620010007000048152                              7369155600010121172016030400075200
620010007000048152                              7505164000001169182016030500038100
620010007000048152                              7569135300002538822016030400042000
620010007000048152                              7569135300002540172016030400043619
620010007000048152                              7569135300002544742016030500041900
620010007000048152                              7570020300000789762016030400026600
620010007000048152                              7570020300000790062016030400042000
620010007000048152                              7570020300000791012016030400050000
620010007000048152                              7842018600004579732016030400025000
620010007000048152                              7842018700004824192016030400028000
620010007000048152                              8037099300002323662016030400030000
620010007000048152                              8047308000000291922016030400030000
620010007000048152                              8062098900000729732016030500060000
620010007000048152                              8259014700004166262016030400052500
620010007000048152                              8297122700002068842016030400064500
620010007000048152                              8297122700002069642016030400026520
620010007000048152                              8297122700002073182016030500027000
620010007000048152                              8297122700002073512016030500048000
620010007000048152                              8297337100001567312016030400035000
620010007000048152                              8297337100001569392016030400026600
620010007000048152                              8297337100001570482016030500026500
620010007000048152                              8343178300000375042016030400026600
620010007000048152                              8343178300000375862016030400026600
620010007000048152                              8345178600010164482016030400026600
620010007000048152                              8345178600010164982016030400005000
620010007000048152                              8346178700001225182016030400009000
620010007000048152                              8346178700001225212016030400005500
620010007000048152                              8346453700010174132016030400025000
620010007000048152                              8347205500000398972016030400042000
620010007000048152                              8461243600001703982016030400027720
620010007000048152                              8461243600001703992016030400033020
620010007000048152                              8461243600001706632016030400067000
620010007000048152                              8461243600001708022016030400030000
620010007000048152                              8461243600001708362016030400080800
620010007000048152                              8573240000002819492016030400027000
620010007000048152                              8625244500001754572016030500030000
620010007000048152                              8640310000001045392016030500034000
620010007000048152                              8652246700000997132016030400025000
620010007000048152                              8661247300002152052016030400030000
620010007000048152                              8661260500001351402016030400026500
620010007000048152                              8667121800000126802016030400025000
620010007000048152                              8667323000000101162016030400026500
620010007000048152                              8667323000000102642016030400028000
620010007000048152                              8667323000000102732016030400026520
620010007000048152                              8667349300000105262016030400026523
620010007000048152                              8693038600001301102016030400052360
620010007000048152                              8693038600001302562016030400027000
620010007000048152                              8695339600000364452016030400026500
620010007000048152                              8900038200001445212016030500026500
620010007000048152                              8924259300000957342016030400033000
620010007000048152                              8952261000002018662016030500048000
620010007000048152                              8996040000000391472016030400026500
620010007000048152                              9033051800000169882016030400035000
620010007000048152                              9064057100000052662016030400038000
620010007000048152                              9080309700001722332016030400053000
620010007000048152                              9222062300001125132016030400027000
620010007000048152                              9222062300001127602016030400041800
620010007000048152                              9222062300001130672016030500026600
620010007000048152                              9222062300001131812016030600026600
620010007000048152                              9270097300000298482016030500040300
620010007000048152                              9348110700001606812016030400028000
620010007000048152                              9521436500000886642016030400067000
620010007000048152                              9521436500000886752016030400029500
620010007000048152                              9521436500000887562016030500050000
620010007000048152                              9619325100000691112016030400041900
620010007000048152                              9621325400000257562016030400035000
620010007000048152                              9621325400000258122016030400033500
620010007000048152                              9621325400000258642016030400066700
620010007000048152                              9622325500001349262016030400026500
620010007000048152                              9622325500001350562016030400025700
620010007000048152                              9622325500001353832016030500035000
620010007000048152                              9631325700000036822016030400033400
620010007000048152                              9709331900000436812016030400040000
620010007000048152                              9719337300000274282016030400042000
620010007000048152                              9722026000009756122016030400100000
620010007000048152                              9722234400000546032016030400050000
620010007000048152                              9722234400000546432016030400050000
620010007000048152                              9722234400000546472016030400030000
620010007000048152                              9852034700000706192016030400026600
620010007000048152                              9887331800000460842016030400040000
620010007000048152                              9988340000000426182016030400033500
620010007000048152                              9988340000000426682016030400050000
620010007000048152                              9988340000000427702016030500033320
620010007000048152                              9988340000000428152016030500033300
620010007000048152                              9988340000000429182016030500035000
620010007000048152                              9988340100010035562016030400033400
620010007000048152                              9988340100010035722016030400045000
620010007000048152                              9988340100010035952016030400035000
620010007000048152                              7355154200001170502016030400026000
620010007000048152                              7369155600010120472016030400023700
620010007000048152                              7369155600010121172016030400075200
620010007000048152                              7505164000001169182016030500038100
620010007000048152                              7569135300002538822016030400042000
620010007000048152                              7569135300002540172016030400043619
620010007000048152                              7569135300002544742016030500041900
620010007000048152                              7570020300000789762016030400026600
620010007000048152                              7570020300000790062016030400042000
620010007000048152                              7570020300000791012016030400050000
620010007000048152                              7842018600004579732016030400025000
620010007000048152                              7842018700004824192016030400028000
620010007000048152                              8037099300002323662016030400030000
620010007000048152                              8047308000000291922016030400030000
620010007000048152                              8062098900000729732016030500060000
620010007000048152                              8259014700004166262016030400052500
620010007000048152                              8297122700002068842016030400064500
620010007000048152                              8297122700002069642016030400026520
620010007000048152                              8297122700002073182016030500027000
620010007000048152                              8297122700002073512016030500048000
620010007000048152                              8297337100001567312016030400035000
620010007000048152                              8297337100001569392016030400026600
620010007000048152                              8297337100001570482016030500026500
620010007000048152                              8343178300000375042016030400026600
620010007000048152                              8343178300000375862016030400026600
620010007000048152                              8345178600010164482016030400026600
620010007000048152                              8345178600010164982016030400005000
620010007000048152                              8346178700001225182016030400009000
620010007000048152                              8346178700001225212016030400005500
620010007000048152                              8346453700010174132016030400025000
620010007000048152                              8347205500000398972016030400042000
620010007000048152                              8461243600001703982016030400027720
620010007000048152                              8461243600001703992016030400033020
620010007000048152                              8461243600001706632016030400067000
620010007000048152                              8461243600001708022016030400030000
620010007000048152                              8461243600001708362016030400080800
620010007000048152                              8573240000002819492016030400027000
620010007000048152                              8625244500001754572016030500030000
620010007000048152                              8640310000001045392016030500034000
620010007000048152                              8652246700000997132016030400025000
620010007000048152                              8661247300002152052016030400030000
620010007000048152                              8661260500001351402016030400026500
620010007000048152                              8667121800000126802016030400025000
620010007000048152                              8667323000000101162016030400026500
620010007000048152                              8667323000000102642016030400028000
620010007000048152                              8667323000000102732016030400026520
620010007000048152                              8667349300000105262016030400026523
620010007000048152                              8693038600001301102016030400052360
620010007000048152                              8693038600001302562016030400027000
620010007000048152                              8695339600000364452016030400026500
620010007000048152                              8900038200001445212016030500026500
620010007000048152                              8924259300000957342016030400033000
620010007000048152                              8952261000002018662016030500048000
620010007000048152                              8996040000000391472016030400026500
620010007000048152                              9033051800000169882016030400035000
620010007000048152                              9064057100000052662016030400038000
620010007000048152                              9080309700001722332016030400053000
620010007000048152                              9222062300001125132016030400027000
620010007000048152                              9222062300001127602016030400041800
620010007000048152                              9222062300001130672016030500026600
620010007000048152                              9222062300001131812016030600026600
620010007000048152                              9270097300000298482016030500040300
620010007000048152                              9348110700001606812016030400028000
620010007000048152                              9521436500000886642016030400067000
620010007000048152                              9521436500000886752016030400029500
620010007000048152                              9521436500000887562016030500050000
620010007000048152                              9619325100000691112016030400041900
620010007000048152                              9621325400000257562016030400035000
620010007000048152                              9621325400000258122016030400033500
620010007000048152                              9621325400000258642016030400066700
620010007000048152                              9622325500001349262016030400026500
620010007000048152                              9622325500001350562016030400025700
620010007000048152                              9622325500001353832016030500035000
620010007000048152                              9631325700000036822016030400033400
620010007000048152                              9709331900000436812016030400040000
620010007000048152                              9719337300000274282016030400042000
620010007000048152                              9722026000009756122016030400100000
620010007000048152                              9722234400000546032016030400050000
620010007000048152                              9722234400000546432016030400050000
620010007000048152                              9722234400000546472016030400030000
620010007000048152                              9852034700000706192016030400026600
620010007000048152                              9887331800000460842016030400040000
620010007000048152                              9988340000000426182016030400033500
620010007000048152                              9988340000000426682016030400050000
620010007000048152                              9988340000000427702016030500033320
620010007000048152                              9988340000000428152016030500033300
620010007000048152                              9988340000000429182016030500035000
620010007000048152                              9988340100010035562016030400033400
620010007000048152                              9988340100010035722016030400045000
620010007000048152                              9988340100010035952016030400035000
620010007000048152                              7369155600010120472016030400023700
620010007000048152                              7369155600010121172016030400075200
620010007000048152                              7505164000001169182016030500038100
620010007000048152                              7569135300002538822016030400042000
620010007000048152                              7569135300002540172016030400043619
620010007000048152                              7569135300002544742016030500041900
620010007000048152                              7570020300000789762016030400026600
620010007000048152                              7570020300000790062016030400042000
620010007000048152                              7570020300000791012016030400050000
620010007000048152                              7842018600004579732016030400025000
620010007000048152                              7842018700004824192016030400028000
620010007000048152                              8037099300002323662016030400030000
620010007000048152                              8047308000000291922016030400030000
620010007000048152                              8062098900000729732016030500060000
620010007000048152                              8259014700004166262016030400052500
620010007000048152                              8297122700002068842016030400064500
620010007000048152                              8297122700002069642016030400026520
620010007000048152                              8297122700002073182016030500027000
620010007000048152                              8297122700002073512016030500048000
620010007000048152                              8297337100001567312016030400035000
620010007000048152                              8297337100001569392016030400026600
620010007000048152                              8297337100001570482016030500026500
620010007000048152                              8343178300000375042016030400026600
620010007000048152                              8343178300000375862016030400026600
620010007000048152                              8345178600010164482016030400026600
620010007000048152                              8345178600010164982016030400005000
620010007000048152                              8346178700001225182016030400009000
620010007000048152                              8346178700001225212016030400005500
620010007000048152                              8346453700010174132016030400025000
620010007000048152                              8347205500000398972016030400042000
620010007000048152                              8461243600001703982016030400027720
620010007000048152                              8461243600001703992016030400033020
620010007000048152                              8461243600001706632016030400067000
620010007000048152                              8461243600001708022016030400030000
620010007000048152                              8461243600001708362016030400080800
620010007000048152                              8573240000002819492016030400027000
620010007000048152                              8625244500001754572016030500030000
620010007000048152                              8640310000001045392016030500034000
620010007000048152                              8652246700000997132016030400025000
620010007000048152                              8661247300002152052016030400030000
620010007000048152                              8661260500001351402016030400026500
620010007000048152                              8667121800000126802016030400025000
620010007000048152                              8667323000000101162016030400026500
620010007000048152                              8667323000000102642016030400028000
620010007000048152                              8667323000000102732016030400026520
620010007000048152                              8667349300000105262016030400026523
620010007000048152                              8693038600001301102016030400052360
620010007000048152                              8693038600001302562016030400027000
620010007000048152                              8695339600000364452016030400026500
620010007000048152                              8900038200001445212016030500026500
620010007000048152                              8924259300000957342016030400033000
620010007000048152                              8952261000002018662016030500048000
620010007000048152                              8996040000000391472016030400026500
620010007000048152                              9033051800000169882016030400035000
620010007000048152                              9064057100000052662016030400038000
620010007000048152                              9080309700001722332016030400053000
620010007000048152                              9222062300001125132016030400027000
620010007000048152                              9222062300001127602016030400041800
620010007000048152                              9222062300001130672016030500026600
620010007000048152                              9222062300001131812016030600026600
620010007000048152                              9270097300000298482016030500040300
620010007000048152                              9348110700001606812016030400028000
620010007000048152                              9521436500000886642016030400067000
620010007000048152                              9521436500000886752016030400029500
620010007000048152                              9521436500000887562016030500050000
620010007000048152                              9619325100000691112016030400041900
620010007000048152                              9621325400000257562016030400035000
620010007000048152                              9621325400000258122016030400033500
620010007000048152                              9621325400000258642016030400066700
620010007000048152                              9622325500001349262016030400026500
620010007000048152                              9622325500001350562016030400025700
620010007000048152                              9622325500001353832016030500035000
620010007000048152                              9631325700000036822016030400033400
620010007000048152                              9709331900000436812016030400040000
620010007000048152                              9719337300000274282016030400042000
620010007000048152                              9722026000009756122016030400100000
620010007000048152                              9722234400000546032016030400050000
620010007000048152                              9722234400000546432016030400050000
620010007000048152                              9722234400000546472016030400030000
620010007000048152                              9852034700000706192016030400026600
620010007000048152                              9887331800000460842016030400040000
620010007000048152                              9988340000000426182016030400033500
620010007000048152                              9988340000000426682016030400050000
620010007000048152                              9988340000000427702016030500033320
620010007000048152                              9988340000000428152016030500033300
620010007000048152                              9988340000000429182016030500035000
620010007000048152                              9988340100010035562016030400033400
620010007000048152                              9988340100010035722016030400045000
620010007000048152                              9988340100010035952016030400035000
620010007000048152                              7355154200001170502016030400026000
620010007000048152                              7369155600010120472016030400023700
620010007000048152                              7369155600010121172016030400075200
620010007000048152                              7505164000001169182016030500038100
620010007000048152                              7569135300002538822016030400042000
620010007000048152                              7569135300002540172016030400043619
620010007000048152                              7569135300002544742016030500041900
620010007000048152                              7570020300000789762016030400026600
620010007000048152                              7570020300000790062016030400042000
620010007000048152                              7570020300000791012016030400050000
620010007000048152                              7842018600004579732016030400025000
620010007000048152                              7842018700004824192016030400028000
620010007000048152                              8037099300002323662016030400030000
620010007000048152                              8047308000000291922016030400030000
620010007000048152                              8062098900000729732016030500060000
620010007000048152                              8259014700004166262016030400052500
620010007000048152                              8297122700002068842016030400064500
620010007000048152                              8297122700002069642016030400026520
620010007000048152                              8297122700002073182016030500027000
620010007000048152                              8297122700002073512016030500048000
620010007000048152                              8297337100001567312016030400035000
620010007000048152                              8297337100001569392016030400026600
620010007000048152                              8297337100001570482016030500026500
620010007000048152                              8343178300000375042016030400026600
620010007000048152                              8343178300000375862016030400026600
620010007000048152                              8345178600010164482016030400026600
620010007000048152                              8345178600010164982016030400005000
620010007000048152                              8346178700001225182016030400009000
620010007000048152                              8346178700001225212016030400005500
620010007000048152                              8346453700010174132016030400025000
620010007000048152                              8347205500000398972016030400042000
620010007000048152                              8461243600001703982016030400027720
620010007000048152                              8461243600001703992016030400033020
620010007000048152                              8461243600001706632016030400067000
620010007000048152                              8461243600001708022016030400030000
620010007000048152                              8461243600001708362016030400080800
620010007000048152                              8573240000002819492016030400027000
620010007000048152                              8625244500001754572016030500030000
620010007000048152                              8640310000001045392016030500034000
620010007000048152                              8652246700000997132016030400025000
620010007000048152                              8661247300002152052016030400030000
620010007000048152                              8661260500001351402016030400026500
620010007000048152                              8667121800000126802016030400025000
620010007000048152                              8667323000000101162016030400026500
620010007000048152                              8667323000000102642016030400028000
620010007000048152                              8667323000000102732016030400026520
620010007000048152                              8667349300000105262016030400026523
620010007000048152                              8693038600001301102016030400052360
620010007000048152                              8693038600001302562016030400027000
620010007000048152                              8695339600000364452016030400026500
620010007000048152                              8900038200001445212016030500026500
620010007000048152                              8924259300000957342016030400033000
620010007000048152                              8952261000002018662016030500048000
620010007000048152                              8996040000000391472016030400026500
620010007000048152                              9033051800000169882016030400035000
620010007000048152                              9064057100000052662016030400038000
620010007000048152                              9080309700001722332016030400053000
620010007000048152                              9222062300001125132016030400027000
620010007000048152                              9222062300001127602016030400041800
620010007000048152                              9222062300001130672016030500026600
620010007000048152                              9222062300001131812016030600026600
620010007000048152                              9270097300000298482016030500040300
620010007000048152                              9348110700001606812016030400028000
620010007000048152                              9521436500000886642016030400067000
620010007000048152                              9521436500000886752016030400029500
620010007000048152                              9521436500000887562016030500050000
620010007000048152                              9619325100000691112016030400041900
620010007000048152                              9621325400000257562016030400035000
620010007000048152                              9621325400000258122016030400033500
620010007000048152                              9621325400000258642016030400066700
620010007000048152                              9622325500001349262016030400026500
620010007000048152                              9622325500001350562016030400025700
620010007000048152                              9622325500001353832016030500035000
620010007000048152                              9631325700000036822016030400033400
620010007000048152                              9709331900000436812016030400040000
620010007000048152                              9719337300000274282016030400042000
620010007000048152                              9722026000009756122016030400100000
620010007000048152                              9722234400000546032016030400050000
620010007000048152                              9722234400000546432016030400050000
620010007000048152                              9722234400000546472016030400030000
620010007000048152                              9852034700000706192016030400026600
620010007000048152                              9887331800000460842016030400040000
620010007000048152                              9988340000000426182016030400033500
620010007000048152                              9988340000000426682016030400050000
620010007000048152                              9988340000000427702016030500033320
620010007000048152                              9988340000000428152016030500033300
620010007000048152                              9988340000000429182016030500035000
620010007000048152                              9988340100010035562016030400033400
620010007000048152                              9988340100010035722016030400045000
620010007000048152                              9988340100010035952016030400035000
620010007000048152                              7369155600010120472016030400023700
620010007000048152                              7369155600010121172016030400075200
620010007000048152                              7505164000001169182016030500038100
620010007000048152                              7569135300002538822016030400042000
620010007000048152                              7569135300002540172016030400043619
620010007000048152                              7569135300002544742016030500041900
620010007000048152                              7570020300000789762016030400026600
620010007000048152                              7570020300000790062016030400042000
620010007000048152                              7570020300000791012016030400050000
620010007000048152                              7842018600004579732016030400025000
620010007000048152                              7842018700004824192016030400028000
620010007000048152                              8037099300002323662016030400030000
620010007000048152                              8047308000000291922016030400030000
620010007000048152                              8062098900000729732016030500060000
620010007000048152                              8259014700004166262016030400052500
620010007000048152                              8297122700002068842016030400064500
620010007000048152                              8297122700002069642016030400026520
620010007000048152                              8297122700002073182016030500027000
620010007000048152                              8297122700002073512016030500048000
620010007000048152                              8297337100001567312016030400035000
620010007000048152                              8297337100001569392016030400026600
620010007000048152                              8297337100001570482016030500026500
620010007000048152                              8343178300000375042016030400026600
620010007000048152                              8343178300000375862016030400026600
620010007000048152                              8345178600010164482016030400026600
620010007000048152                              8345178600010164982016030400005000
620010007000048152                              8346178700001225182016030400009000
620010007000048152                              8346178700001225212016030400005500
620010007000048152                              8346453700010174132016030400025000
620010007000048152                              8347205500000398972016030400042000
620010007000048152                              8461243600001703982016030400027720
620010007000048152                              8461243600001703992016030400033020
620010007000048152                              8461243600001706632016030400067000
620010007000048152                              8461243600001708022016030400030000
620010007000048152                              8461243600001708362016030400080800
620010007000048152                              8573240000002819492016030400027000
620010007000048152                              8625244500001754572016030500030000
620010007000048152                              8640310000001045392016030500034000
620010007000048152                              8652246700000997132016030400025000
620010007000048152                              8661247300002152052016030400030000
620010007000048152                              8661260500001351402016030400026500
620010007000048152                              8667121800000126802016030400025000
620010007000048152                              8667323000000101162016030400026500
620010007000048152                              8667323000000102642016030400028000
620010007000048152                              8667323000000102732016030400026520
620010007000048152                              8667349300000105262016030400026523
620010007000048152                              8693038600001301102016030400052360
620010007000048152                              8693038600001302562016030400027000
620010007000048152                              8695339600000364452016030400026500
620010007000048152                              8900038200001445212016030500026500
620010007000048152                              8924259300000957342016030400033000
620010007000048152                              8952261000002018662016030500048000
620010007000048152                              8996040000000391472016030400026500
620010007000048152                              9033051800000169882016030400035000
620010007000048152                              9064057100000052662016030400038000
620010007000048152                              9080309700001722332016030400053000
620010007000048152                              9222062300001125132016030400027000
620010007000048152                              9222062300001127602016030400041800
620010007000048152                              9222062300001130672016030500026600
620010007000048152                              9222062300001131812016030600026600
620010007000048152                              9270097300000298482016030500040300
620010007000048152                              9348110700001606812016030400028000
620010007000048152                              9521436500000886642016030400067000
620010007000048152                              9521436500000886752016030400029500
620010007000048152                              9521436500000887562016030500050000
620010007000048152                              9619325100000691112016030400041900
620010007000048152                              9621325400000257562016030400035000
620010007000048152                              9621325400000258122016030400033500
620010007000048152                              9621325400000258642016030400066700
620010007000048152                              9622325500001349262016030400026500
620010007000048152                              9622325500001350562016030400025700
620010007000048152                              9622325500001353832016030500035000
620010007000048152                              9631325700000036822016030400033400
620010007000048152                              9709331900000436812016030400040000
620010007000048152                              9719337300000274282016030400042000
620010007000048152                              9722026000009756122016030400100000
620010007000048152                              9722234400000546032016030400050000
620010007000048152                              9722234400000546432016030400050000
620010007000048152                              9722234400000546472016030400030000
620010007000048152                              9852034700000706192016030400026600
620010007000048152                              9887331800000460842016030400040000
620010007000048152                              9988340000000426182016030400033500
620010007000048152                              9988340000000426682016030400050000
620010007000048152                              9988340000000427702016030500033320
620010007000048152                              9988340000000428152016030500033300
620010007000048152                              9988340000000429182016030500035000
620010007000048152                              9988340100010035562016030400033400
620010007000048152                              9988340100010035722016030400045000
620010007000048152                              9988340100010035952016030400035000
620010007000048152                              7355154200001170502016030400026000
620010007000048152                              7369155600010120472016030400023700
620010007000048152                              7369155600010121172016030400075200
620010007000048152                              7505164000001169182016030500038100
620010007000048152                              7569135300002538822016030400042000
620010007000048152                              7569135300002540172016030400043619
620010007000048152                              7569135300002544742016030500041900
620010007000048152                              7570020300000789762016030400026600
620010007000048152                              7570020300000790062016030400042000
620010007000048152                              7570020300000791012016030400050000
620010007000048152                              7842018600004579732016030400025000
620010007000048152                              7842018700004824192016030400028000
620010007000048152                              8037099300002323662016030400030000
620010007000048152                              8047308000000291922016030400030000
620010007000048152                              8062098900000729732016030500060000
620010007000048152                              8259014700004166262016030400052500
620010007000048152                              8297122700002068842016030400064500
620010007000048152                              8297122700002069642016030400026520
620010007000048152                              8297122700002073182016030500027000
620010007000048152                              8297122700002073512016030500048000
620010007000048152                              8297337100001567312016030400035000
620010007000048152                              8297337100001569392016030400026600
620010007000048152                              8297337100001570482016030500026500
620010007000048152                              8343178300000375042016030400026600
620010007000048152                              8343178300000375862016030400026600
620010007000048152                              8345178600010164482016030400026600
620010007000048152                              8345178600010164982016030400005000
620010007000048152                              8346178700001225182016030400009000
620010007000048152                              8346178700001225212016030400005500
620010007000048152                              8346453700010174132016030400025000
620010007000048152                              8347205500000398972016030400042000
620010007000048152                              8461243600001703982016030400027720
620010007000048152                              8461243600001703992016030400033020
620010007000048152                              8461243600001706632016030400067000
620010007000048152                              8461243600001708022016030400030000
620010007000048152                              8461243600001708362016030400080800
620010007000048152                              8573240000002819492016030400027000
620010007000048152                              8625244500001754572016030500030000
620010007000048152                              8640310000001045392016030500034000
620010007000048152                              8652246700000997132016030400025000
620010007000048152                              8661247300002152052016030400030000
620010007000048152                              8661260500001351402016030400026500
620010007000048152                              8667121800000126802016030400025000
620010007000048152                              8667323000000101162016030400026500
620010007000048152                              8667323000000102642016030400028000
620010007000048152                              8667323000000102732016030400026520
620010007000048152                              8667349300000105262016030400026523
620010007000048152                              8693038600001301102016030400052360
620010007000048152                              8693038600001302562016030400027000
620010007000048152                              8695339600000364452016030400026500
620010007000048152                              8900038200001445212016030500026500
620010007000048152                              8924259300000957342016030400033000
620010007000048152                              8952261000002018662016030500048000
620010007000048152                              8996040000000391472016030400026500
620010007000048152                              9033051800000169882016030400035000
620010007000048152                              9064057100000052662016030400038000
620010007000048152                              9080309700001722332016030400053000
620010007000048152                              9222062300001125132016030400027000
620010007000048152                              9222062300001127602016030400041800
620010007000048152                              9222062300001130672016030500026600
620010007000048152                              9222062300001131812016030600026600
620010007000048152                              9270097300000298482016030500040300
620010007000048152                              9348110700001606812016030400028000
620010007000048152                              9521436500000886642016030400067000
620010007000048152                              9521436500000886752016030400029500
620010007000048152                              9521436500000887562016030500050000
620010007000048152                              9619325100000691112016030400041900
620010007000048152                              9621325400000257562016030400035000
620010007000048152                              9621325400000258122016030400033500
620010007000048152                              9621325400000258642016030400066700
620010007000048152                              9622325500001349262016030400026500
620010007000048152                              9622325500001350562016030400025700
620010007000048152                              9622325500001353832016030500035000
620010007000048152                              9631325700000036822016030400033400
620010007000048152                              9709331900000436812016030400040000
620010007000048152                              9719337300000274282016030400042000
620010007000048152                              9722026000009756122016030400100000
620010007000048152                              9722234400000546032016030400050000
620010007000048152                              9722234400000546432016030400050000
620010007000048152                              9722234400000546472016030400030000
620010007000048152                              9852034700000706192016030400026600
620010007000048152                              9887331800000460842016030400040000
620010007000048152                              9988340000000426182016030400033500
620010007000048152                              9988340000000426682016030400050000
620010007000048152                              9988340000000427702016030500033320
620010007000048152                              9988340000000428152016030500033300
620010007000048152                              9988340000000429182016030500035000
620010007000048152                              9988340100010035562016030400033400
620010007000048152                              9988340100010035722016030400045000
620010007000048152                              9988340100010035952016030400035000